[[0.0 0 1210.7 1537.6 1999.5 4286.1 1313 2213.4 1531.2 1491.7 1791.1 ] 
[1210.7 0.0 0 1261.5 1723.4 4010 297.3 2210.4 1255.1 1412.6 1515 ] 
[1537.6 1261.5 0.0 0 729.7 3200.3 1386.9 1547.1 223.6 560.1 667.5 ] 
[1999.5 1723.4 729.7 0.0 0 3115.9 1866.3 2060.6 963.3 1073.6 876.8 ] 
[4286.1 4010 3200.3 3115.9 0.0 0 4148.9 4067.1 3277.3 3356.2 3158.8 ] 
[1313 297.3 1386.9 1866.3 4148.9 0.0 0 2336.6 1381.3 1538.8 1641.2 ] 
[2213.4 2210.4 1547.1 2060.6 4067.1 2336.6 0.0 0 1538.6 1211.2 1679.5 ] 
[1531.2 1255.1 223.6 963.3 3277.3 1381.3 1538.6 0.0 0 564.7 772.6 ] 
[1491.7 1412.6 560.1 1073.6 3356.2 1538.8 1211.2 564.7 0.0 0 692.9 ] 
[1791.1 1515 667.5 876.8 3158.8 1641.2 1679.5 772.6 692.9 0.0 0 ] 
