45.2313,5.8711;45.2313,5.8711;0;0
45.2313,5.8711;45.2313,5.8711;0;0
45.2313,5.8711;45.2313,5.8711;0;0
45.2313,5.8711;45.2313,5.8711;0;0
45.2313,5.8711;45.2313,5.8711;0;0
45.2313,5.8711;45.2313,5.8711;0;0
45.2313,5.8711;45.2313,5.8711;0;0
45.2313,5.8711;45.2313,5.8711;0;0
45.2313,5.8711;45.2313,5.8711;0;0
45.2313,5.8711;45.2313,5.8711;0;0
45.2313,5.87114;45.2313,5.8711;2.4;0.8
45.2313,5.87114;45.2313,5.8711;2.4;0.8
45.2313,5.87114;45.2313,5.8711;2.4;0.8
45.2313,5.87114;45.2313,5.8711;2.4;0.8
45.2313,5.87114;45.2313,5.8711;2.4;0.8
