5.8664744,45.269383;6.0744406,45.393472;1
5.8664744,45.269383;5.9773523,45.433769;1
5.7965125,45.237592;6.0744406,45.393472;1
5.7965125,45.237592;5.9773523,45.433769;1
5.7965125,45.237592;5.8664744,45.269383;1
5.8931619,45.117148;6.0744406,45.393472;1
5.8931619,45.117148;5.9773523,45.433769;1
5.8931619,45.117148;5.8664744,45.269383;1
5.8931619,45.117148;5.7965125,45.237592;1
5.9907289,45.462884;6.0744406,45.393472;1
5.9907289,45.462884;5.9773523,45.433769;1
5.9907289,45.462884;5.8664744,45.269383;1
5.9907289,45.462884;5.7965125,45.237592;1
5.9907289,45.462884;5.8931619,45.117148;1
6.0255,45.223;6.0744406,45.393472;1
6.0255,45.223;5.9773523,45.433769;1
6.0255,45.223;5.8664744,45.269383;1
6.0255,45.223;5.7965125,45.237592;1
6.0255,45.223;5.8931619,45.117148;1
6.0255,45.223;5.9907289,45.462884;1
5.8839432,45.284590;6.0744406,45.393472;1
5.8839432,45.284590;5.9773523,45.433769;1
5.8839432,45.284590;5.8664744,45.269383;1
5.8839432,45.284590;5.7965125,45.237592;1
5.8839432,45.284590;5.8931619,45.117148;1
5.8839432,45.284590;5.9907289,45.462884;1
5.8839432,45.284590;6.0255,45.223;1
5.9244034,45.27315;6.0744406,45.393472;1
5.9244034,45.27315;5.9773523,45.433769;1
5.9244034,45.27315;5.8664744,45.269383;1
5.9244034,45.27315;5.7965125,45.237592;1
5.9244034,45.27315;5.8931619,45.117148;1
5.9244034,45.27315;5.9907289,45.462884;1
5.9244034,45.27315;6.0255,45.223;1
5.9244034,45.27315;5.8839432,45.284590;1
5.9780213,45.342628;6.0744406,45.393472;1
5.9780213,45.342628;5.9773523,45.433769;1
5.9780213,45.342628;5.8664744,45.269383;1
5.9780213,45.342628;5.7965125,45.237592;1
5.9780213,45.342628;5.8931619,45.117148;1
5.9780213,45.342628;5.9907289,45.462884;1
5.9780213,45.342628;6.0255,45.223;1
5.9780213,45.342628;5.8839432,45.284590;1
5.9780213,45.342628;5.9244034,45.27315;1
5.9689556,45.288152;6.0744406,45.393472;1
5.9689556,45.288152;5.9773523,45.433769;1
5.9689556,45.288152;5.8664744,45.269383;1
5.9689556,45.288152;5.7965125,45.237592;1
5.9689556,45.288152;5.8931619,45.117148;1
5.9689556,45.288152;5.9907289,45.462884;1
5.9689556,45.288152;6.0255,45.223;1
5.9689556,45.288152;5.8839432,45.284590;1
5.9689556,45.288152;5.9244034,45.27315;1
5.9689556,45.288152;5.9780213,45.342628;1
5.9778214,45.402601;6.0744406,45.393472;1
5.9778214,45.402601;5.9773523,45.433769;1
5.9778214,45.402601;5.8664744,45.269383;1
5.9778214,45.402601;5.7965125,45.237592;1
5.9778214,45.402601;5.8931619,45.117148;1
5.9778214,45.402601;5.9907289,45.462884;1
5.9778214,45.402601;6.0255,45.223;1
5.9778214,45.402601;5.8839432,45.284590;1
5.9778214,45.402601;5.9244034,45.27315;1
5.9778214,45.402601;5.9780213,45.342628;1
5.9778214,45.402601;5.9689556,45.288152;1
6.09529,45.422;6.0744406,45.393472;1
6.09529,45.422;5.9773523,45.433769;1
6.09529,45.422;5.8664744,45.269383;1
6.09529,45.422;5.7965125,45.237592;1
6.09529,45.422;5.8931619,45.117148;1
6.09529,45.422;5.9907289,45.462884;1
6.09529,45.422;6.0255,45.223;1
6.09529,45.422;5.8839432,45.284590;1
6.09529,45.422;5.9244034,45.27315;1
6.09529,45.422;5.9780213,45.342628;1
6.09529,45.422;5.9689556,45.288152;1
6.09529,45.422;5.9778214,45.402601;1
5.8995138,45.225628;6.0744406,45.393472;1
5.8995138,45.225628;5.9773523,45.433769;1
5.8995138,45.225628;5.8664744,45.269383;1
5.8995138,45.225628;5.7965125,45.237592;1
5.8995138,45.225628;5.8931619,45.117148;1
5.8995138,45.225628;5.9907289,45.462884;1
5.8995138,45.225628;6.0255,45.223;1
5.8995138,45.225628;5.8839432,45.284590;1
5.8995138,45.225628;5.9244034,45.27315;1
5.8995138,45.225628;5.9780213,45.342628;1
5.8995138,45.225628;5.9689556,45.288152;1
5.8995138,45.225628;5.9778214,45.402601;1
5.8995138,45.225628;6.09529,45.422;1
5.96212,45.396;6.0744406,45.393472;1
5.96212,45.396;5.9773523,45.433769;1
5.96212,45.396;5.8664744,45.269383;1
5.96212,45.396;5.7965125,45.237592;1
5.96212,45.396;5.8931619,45.117148;1
5.96212,45.396;5.9907289,45.462884;1
5.96212,45.396;6.0255,45.223;1
5.96212,45.396;5.8839432,45.284590;1
5.96212,45.396;5.9244034,45.27315;1
5.96212,45.396;5.9780213,45.342628;1
5.96212,45.396;5.9689556,45.288152;1
5.96212,45.396;5.9778214,45.402601;1
5.96212,45.396;6.09529,45.422;1
5.96212,45.396;5.8995138,45.225628;1
5.94734,45.294;6.0744406,45.393472;1
5.94734,45.294;5.9773523,45.433769;1
5.94734,45.294;5.8664744,45.269383;1
5.94734,45.294;5.7965125,45.237592;1
5.94734,45.294;5.8931619,45.117148;1
5.94734,45.294;5.9907289,45.462884;1
5.94734,45.294;6.0255,45.223;1
5.94734,45.294;5.8839432,45.284590;1
5.94734,45.294;5.9244034,45.27315;1
5.94734,45.294;5.9780213,45.342628;1
5.94734,45.294;5.9689556,45.288152;1
5.94734,45.294;5.9778214,45.402601;1
5.94734,45.294;6.09529,45.422;1
5.94734,45.294;5.8995138,45.225628;1
5.94734,45.294;5.96212,45.396;1
5.9309164,45.324025;6.0744406,45.393472;1
5.9309164,45.324025;5.9773523,45.433769;1
5.9309164,45.324025;5.8664744,45.269383;1
5.9309164,45.324025;5.7965125,45.237592;1
5.9309164,45.324025;5.8931619,45.117148;1
5.9309164,45.324025;5.9907289,45.462884;1
5.9309164,45.324025;6.0255,45.223;1
5.9309164,45.324025;5.8839432,45.284590;1
5.9309164,45.324025;5.9244034,45.27315;1
5.9309164,45.324025;5.9780213,45.342628;1
5.9309164,45.324025;5.9689556,45.288152;1
5.9309164,45.324025;5.9778214,45.402601;1
5.9309164,45.324025;6.09529,45.422;1
5.9309164,45.324025;5.8995138,45.225628;1
5.9309164,45.324025;5.96212,45.396;1
5.9309164,45.324025;5.94734,45.294;1
5.93266,45.252;6.0744406,45.393472;1
5.93266,45.252;5.9773523,45.433769;1
5.93266,45.252;5.8664744,45.269383;1
5.93266,45.252;5.7965125,45.237592;1
5.93266,45.252;5.8931619,45.117148;1
5.93266,45.252;5.9907289,45.462884;1
5.93266,45.252;6.0255,45.223;1
5.93266,45.252;5.8839432,45.284590;1
5.93266,45.252;5.9244034,45.27315;1
5.93266,45.252;5.9780213,45.342628;1
5.93266,45.252;5.9689556,45.288152;1
5.93266,45.252;5.9778214,45.402601;1
5.93266,45.252;6.09529,45.422;1
5.93266,45.252;5.8995138,45.225628;1
5.93266,45.252;5.96212,45.396;1
5.93266,45.252;5.94734,45.294;1
5.93266,45.252;5.9309164,45.324025;1
5.9308898,45.278948;6.0744406,45.393472;1
5.9308898,45.278948;5.9773523,45.433769;1
5.9308898,45.278948;5.8664744,45.269383;1
5.9308898,45.278948;5.7965125,45.237592;1
5.9308898,45.278948;5.8931619,45.117148;1
5.9308898,45.278948;5.9907289,45.462884;1
5.9308898,45.278948;6.0255,45.223;1
5.9308898,45.278948;5.8839432,45.284590;1
5.9308898,45.278948;5.9244034,45.27315;1
5.9308898,45.278948;5.9780213,45.342628;1
5.9308898,45.278948;5.9689556,45.288152;1
5.9308898,45.278948;5.9778214,45.402601;1
5.9308898,45.278948;6.09529,45.422;1
5.9308898,45.278948;5.8995138,45.225628;1
5.9308898,45.278948;5.96212,45.396;1
5.9308898,45.278948;5.94734,45.294;1
5.9308898,45.278948;5.9309164,45.324025;1
5.9308898,45.278948;5.93266,45.252;1
5.9920438,45.369867;6.0744406,45.393472;1
5.9920438,45.369867;5.9773523,45.433769;1
5.9920438,45.369867;5.8664744,45.269383;1
5.9920438,45.369867;5.7965125,45.237592;1
5.9920438,45.369867;5.8931619,45.117148;1
5.9920438,45.369867;5.9907289,45.462884;1
5.9920438,45.369867;6.0255,45.223;1
5.9920438,45.369867;5.8839432,45.284590;1
5.9920438,45.369867;5.9244034,45.27315;1
5.9920438,45.369867;5.9780213,45.342628;1
5.9920438,45.369867;5.9689556,45.288152;1
5.9920438,45.369867;5.9778214,45.402601;1
5.9920438,45.369867;6.09529,45.422;1
5.9920438,45.369867;5.8995138,45.225628;1
5.9920438,45.369867;5.96212,45.396;1
5.9920438,45.369867;5.94734,45.294;1
5.9920438,45.369867;5.9309164,45.324025;1
5.9920438,45.369867;5.93266,45.252;1
5.9920438,45.369867;5.9308898,45.278948;1
6.0866978,45.323285;6.0744406,45.393472;1
6.0866978,45.323285;5.9773523,45.433769;1
6.0866978,45.323285;5.8664744,45.269383;1
6.0866978,45.323285;5.7965125,45.237592;1
6.0866978,45.323285;5.8931619,45.117148;1
6.0866978,45.323285;5.9907289,45.462884;1
6.0866978,45.323285;6.0255,45.223;1
6.0866978,45.323285;5.8839432,45.284590;1
6.0866978,45.323285;5.9244034,45.27315;1
6.0866978,45.323285;5.9780213,45.342628;1
6.0866978,45.323285;5.9689556,45.288152;1
6.0866978,45.323285;5.9778214,45.402601;1
6.0866978,45.323285;6.09529,45.422;1
6.0866978,45.323285;5.8995138,45.225628;1
6.0866978,45.323285;5.96212,45.396;1
6.0866978,45.323285;5.94734,45.294;1
6.0866978,45.323285;5.9309164,45.324025;1
6.0866978,45.323285;5.93266,45.252;1
6.0866978,45.323285;5.9308898,45.278948;1
6.0866978,45.323285;5.9920438,45.369867;1
6.08859,45.431;6.0744406,45.393472;1
6.08859,45.431;5.9773523,45.433769;1
6.08859,45.431;5.8664744,45.269383;1
6.08859,45.431;5.7965125,45.237592;1
6.08859,45.431;5.8931619,45.117148;1
6.08859,45.431;5.9907289,45.462884;1
6.08859,45.431;6.0255,45.223;1
6.08859,45.431;5.8839432,45.284590;1
6.08859,45.431;5.9244034,45.27315;1
6.08859,45.431;5.9780213,45.342628;1
6.08859,45.431;5.9689556,45.288152;1
6.08859,45.431;5.9778214,45.402601;1
6.08859,45.431;6.09529,45.422;1
6.08859,45.431;5.8995138,45.225628;1
6.08859,45.431;5.96212,45.396;1
6.08859,45.431;5.94734,45.294;1
6.08859,45.431;5.9309164,45.324025;1
6.08859,45.431;5.93266,45.252;1
6.08859,45.431;5.9308898,45.278948;1
6.08859,45.431;5.9920438,45.369867;1
6.08859,45.431;6.0866978,45.323285;1
5.9515976,45.359232;6.0744406,45.393472;1
5.9515976,45.359232;5.9773523,45.433769;1
5.9515976,45.359232;5.8664744,45.269383;1
5.9515976,45.359232;5.7965125,45.237592;1
5.9515976,45.359232;5.8931619,45.117148;1
5.9515976,45.359232;5.9907289,45.462884;1
5.9515976,45.359232;6.0255,45.223;1
5.9515976,45.359232;5.8839432,45.284590;1
5.9515976,45.359232;5.9244034,45.27315;1
5.9515976,45.359232;5.9780213,45.342628;1
5.9515976,45.359232;5.9689556,45.288152;1
5.9515976,45.359232;5.9778214,45.402601;1
5.9515976,45.359232;6.09529,45.422;1
5.9515976,45.359232;5.8995138,45.225628;1
5.9515976,45.359232;5.96212,45.396;1
5.9515976,45.359232;5.94734,45.294;1
5.9515976,45.359232;5.9309164,45.324025;1
5.9515976,45.359232;5.93266,45.252;1
5.9515976,45.359232;5.9308898,45.278948;1
5.9515976,45.359232;5.9920438,45.369867;1
5.9515976,45.359232;6.0866978,45.323285;1
5.9515976,45.359232;6.08859,45.431;1
5.8603962,45.215136;6.0744406,45.393472;1
5.8603962,45.215136;5.9773523,45.433769;1
5.8603962,45.215136;5.8664744,45.269383;1
5.8603962,45.215136;5.7965125,45.237592;1
5.8603962,45.215136;5.8931619,45.117148;1
5.8603962,45.215136;5.9907289,45.462884;1
5.8603962,45.215136;6.0255,45.223;1
5.8603962,45.215136;5.8839432,45.284590;1
5.8603962,45.215136;5.9244034,45.27315;1
5.8603962,45.215136;5.9780213,45.342628;1
5.8603962,45.215136;5.9689556,45.288152;1
5.8603962,45.215136;5.9778214,45.402601;1
5.8603962,45.215136;6.09529,45.422;1
5.8603962,45.215136;5.8995138,45.225628;1
5.8603962,45.215136;5.96212,45.396;1
5.8603962,45.215136;5.94734,45.294;1
5.8603962,45.215136;5.9309164,45.324025;1
5.8603962,45.215136;5.93266,45.252;1
5.8603962,45.215136;5.9308898,45.278948;1
5.8603962,45.215136;5.9920438,45.369867;1
5.8603962,45.215136;6.0866978,45.323285;1
5.8603962,45.215136;6.08859,45.431;1
5.8603962,45.215136;5.9515976,45.359232;1
5.96427,45.271;6.0744406,45.393472;1
5.96427,45.271;5.9773523,45.433769;1
5.96427,45.271;5.8664744,45.269383;1
5.96427,45.271;5.7965125,45.237592;1
5.96427,45.271;5.8931619,45.117148;1
5.96427,45.271;5.9907289,45.462884;1
5.96427,45.271;6.0255,45.223;1
5.96427,45.271;5.8839432,45.284590;1
5.96427,45.271;5.9244034,45.27315;1
5.96427,45.271;5.9780213,45.342628;1
5.96427,45.271;5.9689556,45.288152;1
5.96427,45.271;5.9778214,45.402601;1
5.96427,45.271;6.09529,45.422;1
5.96427,45.271;5.8995138,45.225628;1
5.96427,45.271;5.96212,45.396;1
5.96427,45.271;5.94734,45.294;1
5.96427,45.271;5.9309164,45.324025;1
5.96427,45.271;5.93266,45.252;1
5.96427,45.271;5.9308898,45.278948;1
5.96427,45.271;5.9920438,45.369867;1
5.96427,45.271;6.0866978,45.323285;1
5.96427,45.271;6.08859,45.431;1
5.96427,45.271;5.9515976,45.359232;1
5.96427,45.271;5.8603962,45.215136;1
5.9107644,45.306020;6.0744406,45.393472;1
5.9107644,45.306020;5.9773523,45.433769;1
5.9107644,45.306020;5.8664744,45.269383;1
5.9107644,45.306020;5.7965125,45.237592;1
5.9107644,45.306020;5.8931619,45.117148;1
5.9107644,45.306020;5.9907289,45.462884;1
5.9107644,45.306020;6.0255,45.223;1
5.9107644,45.306020;5.8839432,45.284590;1
5.9107644,45.306020;5.9244034,45.27315;1
5.9107644,45.306020;5.9780213,45.342628;1
5.9107644,45.306020;5.9689556,45.288152;1
5.9107644,45.306020;5.9778214,45.402601;1
5.9107644,45.306020;6.09529,45.422;1
5.9107644,45.306020;5.8995138,45.225628;1
5.9107644,45.306020;5.96212,45.396;1
5.9107644,45.306020;5.94734,45.294;1
5.9107644,45.306020;5.9309164,45.324025;1
5.9107644,45.306020;5.93266,45.252;1
5.9107644,45.306020;5.9308898,45.278948;1
5.9107644,45.306020;5.9920438,45.369867;1
5.9107644,45.306020;6.0866978,45.323285;1
5.9107644,45.306020;6.08859,45.431;1
5.9107644,45.306020;5.9515976,45.359232;1
5.9107644,45.306020;5.8603962,45.215136;1
5.9107644,45.306020;5.96427,45.271;1
5.4812,45.134;6.0744406,45.393472;1
5.4812,45.134;5.9773523,45.433769;1
5.4812,45.134;5.8664744,45.269383;1
5.4812,45.134;5.7965125,45.237592;1
5.4812,45.134;5.8931619,45.117148;1
5.4812,45.134;5.9907289,45.462884;1
5.4812,45.134;6.0255,45.223;1
5.4812,45.134;5.8839432,45.284590;1
5.4812,45.134;5.9244034,45.27315;1
5.4812,45.134;5.9780213,45.342628;1
5.4812,45.134;5.9689556,45.288152;1
5.4812,45.134;5.9778214,45.402601;1
5.4812,45.134;6.09529,45.422;1
5.4812,45.134;5.8995138,45.225628;1
5.4812,45.134;5.96212,45.396;1
5.4812,45.134;5.94734,45.294;1
5.4812,45.134;5.9309164,45.324025;1
5.4812,45.134;5.93266,45.252;1
5.4812,45.134;5.9308898,45.278948;1
5.4812,45.134;5.9920438,45.369867;1
5.4812,45.134;6.0866978,45.323285;1
5.4812,45.134;6.08859,45.431;1
5.4812,45.134;5.9515976,45.359232;1
5.4812,45.134;5.8603962,45.215136;1
5.4812,45.134;5.96427,45.271;1
5.4812,45.134;5.9107644,45.306020;1
5.8811206,45.310982;6.0744406,45.393472;1
5.8811206,45.310982;5.9773523,45.433769;1
5.8811206,45.310982;5.8664744,45.269383;1
5.8811206,45.310982;5.7965125,45.237592;1
5.8811206,45.310982;5.8931619,45.117148;1
5.8811206,45.310982;5.9907289,45.462884;1
5.8811206,45.310982;6.0255,45.223;1
5.8811206,45.310982;5.8839432,45.284590;1
5.8811206,45.310982;5.9244034,45.27315;1
5.8811206,45.310982;5.9780213,45.342628;1
5.8811206,45.310982;5.9689556,45.288152;1
5.8811206,45.310982;5.9778214,45.402601;1
5.8811206,45.310982;6.09529,45.422;1
5.8811206,45.310982;5.8995138,45.225628;1
5.8811206,45.310982;5.96212,45.396;1
5.8811206,45.310982;5.94734,45.294;1
5.8811206,45.310982;5.9309164,45.324025;1
5.8811206,45.310982;5.93266,45.252;1
5.8811206,45.310982;5.9308898,45.278948;1
5.8811206,45.310982;5.9920438,45.369867;1
5.8811206,45.310982;6.0866978,45.323285;1
5.8811206,45.310982;6.08859,45.431;1
5.8811206,45.310982;5.9515976,45.359232;1
5.8811206,45.310982;5.8603962,45.215136;1
5.8811206,45.310982;5.96427,45.271;1
5.8811206,45.310982;5.9107644,45.306020;1
5.8811206,45.310982;5.4812,45.134;1
6.0204233,45.432753;6.0744406,45.393472;1
6.0204233,45.432753;5.9773523,45.433769;1
6.0204233,45.432753;5.8664744,45.269383;1
6.0204233,45.432753;5.7965125,45.237592;1
6.0204233,45.432753;5.8931619,45.117148;1
6.0204233,45.432753;5.9907289,45.462884;1
6.0204233,45.432753;6.0255,45.223;1
6.0204233,45.432753;5.8839432,45.284590;1
6.0204233,45.432753;5.9244034,45.27315;1
6.0204233,45.432753;5.9780213,45.342628;1
6.0204233,45.432753;5.9689556,45.288152;1
6.0204233,45.432753;5.9778214,45.402601;1
6.0204233,45.432753;6.09529,45.422;1
6.0204233,45.432753;5.8995138,45.225628;1
6.0204233,45.432753;5.96212,45.396;1
6.0204233,45.432753;5.94734,45.294;1
6.0204233,45.432753;5.9309164,45.324025;1
6.0204233,45.432753;5.93266,45.252;1
6.0204233,45.432753;5.9308898,45.278948;1
6.0204233,45.432753;5.9920438,45.369867;1
6.0204233,45.432753;6.0866978,45.323285;1
6.0204233,45.432753;6.08859,45.431;1
6.0204233,45.432753;5.9515976,45.359232;1
6.0204233,45.432753;5.8603962,45.215136;1
6.0204233,45.432753;5.96427,45.271;1
6.0204233,45.432753;5.9107644,45.306020;1
6.0204233,45.432753;5.4812,45.134;1
6.0204233,45.432753;5.8811206,45.310982;1
5.5214,45.111;6.0744406,45.393472;1
5.5214,45.111;5.9773523,45.433769;1
5.5214,45.111;5.8664744,45.269383;1
5.5214,45.111;5.7965125,45.237592;1
5.5214,45.111;5.8931619,45.117148;1
5.5214,45.111;5.9907289,45.462884;1
5.5214,45.111;6.0255,45.223;1
5.5214,45.111;5.8839432,45.284590;1
5.5214,45.111;5.9244034,45.27315;1
5.5214,45.111;5.9780213,45.342628;1
5.5214,45.111;5.9689556,45.288152;1
5.5214,45.111;5.9778214,45.402601;1
5.5214,45.111;6.09529,45.422;1
5.5214,45.111;5.8995138,45.225628;1
5.5214,45.111;5.96212,45.396;1
5.5214,45.111;5.94734,45.294;1
5.5214,45.111;5.9309164,45.324025;1
5.5214,45.111;5.93266,45.252;1
5.5214,45.111;5.9308898,45.278948;1
5.5214,45.111;5.9920438,45.369867;1
5.5214,45.111;6.0866978,45.323285;1
5.5214,45.111;6.08859,45.431;1
5.5214,45.111;5.9515976,45.359232;1
5.5214,45.111;5.8603962,45.215136;1
5.5214,45.111;5.96427,45.271;1
5.5214,45.111;5.9107644,45.306020;1
5.5214,45.111;5.4812,45.134;1
5.5214,45.111;5.8811206,45.310982;1
5.5214,45.111;6.0204233,45.432753;1
5.4929,45.145;6.0744406,45.393472;1
5.4929,45.145;5.9773523,45.433769;1
5.4929,45.145;5.8664744,45.269383;1
5.4929,45.145;5.7965125,45.237592;1
5.4929,45.145;5.8931619,45.117148;1
5.4929,45.145;5.9907289,45.462884;1
5.4929,45.145;6.0255,45.223;1
5.4929,45.145;5.8839432,45.284590;1
5.4929,45.145;5.9244034,45.27315;1
5.4929,45.145;5.9780213,45.342628;1
5.4929,45.145;5.9689556,45.288152;1
5.4929,45.145;5.9778214,45.402601;1
5.4929,45.145;6.09529,45.422;1
5.4929,45.145;5.8995138,45.225628;1
5.4929,45.145;5.96212,45.396;1
5.4929,45.145;5.94734,45.294;1
5.4929,45.145;5.9309164,45.324025;1
5.4929,45.145;5.93266,45.252;1
5.4929,45.145;5.9308898,45.278948;1
5.4929,45.145;5.9920438,45.369867;1
5.4929,45.145;6.0866978,45.323285;1
5.4929,45.145;6.08859,45.431;1
5.4929,45.145;5.9515976,45.359232;1
5.4929,45.145;5.8603962,45.215136;1
5.4929,45.145;5.96427,45.271;1
5.4929,45.145;5.9107644,45.306020;1
5.4929,45.145;5.4812,45.134;1
5.4929,45.145;5.8811206,45.310982;1
5.4929,45.145;6.0204233,45.432753;1
5.4929,45.145;5.5214,45.111;1
5.5300,45.120;6.0744406,45.393472;1
5.5300,45.120;5.9773523,45.433769;1
5.5300,45.120;5.8664744,45.269383;1
5.5300,45.120;5.7965125,45.237592;1
5.5300,45.120;5.8931619,45.117148;1
5.5300,45.120;5.9907289,45.462884;1
5.5300,45.120;6.0255,45.223;1
5.5300,45.120;5.8839432,45.284590;1
5.5300,45.120;5.9244034,45.27315;1
5.5300,45.120;5.9780213,45.342628;1
5.5300,45.120;5.9689556,45.288152;1
5.5300,45.120;5.9778214,45.402601;1
5.5300,45.120;6.09529,45.422;1
5.5300,45.120;5.8995138,45.225628;1
5.5300,45.120;5.96212,45.396;1
5.5300,45.120;5.94734,45.294;1
5.5300,45.120;5.9309164,45.324025;1
5.5300,45.120;5.93266,45.252;1
5.5300,45.120;5.9308898,45.278948;1
5.5300,45.120;5.9920438,45.369867;1
5.5300,45.120;6.0866978,45.323285;1
5.5300,45.120;6.08859,45.431;1
5.5300,45.120;5.9515976,45.359232;1
5.5300,45.120;5.8603962,45.215136;1
5.5300,45.120;5.96427,45.271;1
5.5300,45.120;5.9107644,45.306020;1
5.5300,45.120;5.4812,45.134;1
5.5300,45.120;5.8811206,45.310982;1
5.5300,45.120;6.0204233,45.432753;1
5.5300,45.120;5.5214,45.111;1
5.5300,45.120;5.4929,45.145;1
5.5021,45.090;6.0744406,45.393472;1
5.5021,45.090;5.9773523,45.433769;1
5.5021,45.090;5.8664744,45.269383;1
5.5021,45.090;5.7965125,45.237592;1
5.5021,45.090;5.8931619,45.117148;1
5.5021,45.090;5.9907289,45.462884;1
5.5021,45.090;6.0255,45.223;1
5.5021,45.090;5.8839432,45.284590;1
5.5021,45.090;5.9244034,45.27315;1
5.5021,45.090;5.9780213,45.342628;1
5.5021,45.090;5.9689556,45.288152;1
5.5021,45.090;5.9778214,45.402601;1
5.5021,45.090;6.09529,45.422;1
5.5021,45.090;5.8995138,45.225628;1
5.5021,45.090;5.96212,45.396;1
5.5021,45.090;5.94734,45.294;1
5.5021,45.090;5.9309164,45.324025;1
5.5021,45.090;5.93266,45.252;1
5.5021,45.090;5.9308898,45.278948;1
5.5021,45.090;5.9920438,45.369867;1
5.5021,45.090;6.0866978,45.323285;1
5.5021,45.090;6.08859,45.431;1
5.5021,45.090;5.9515976,45.359232;1
5.5021,45.090;5.8603962,45.215136;1
5.5021,45.090;5.96427,45.271;1
5.5021,45.090;5.9107644,45.306020;1
5.5021,45.090;5.4812,45.134;1
5.5021,45.090;5.8811206,45.310982;1
5.5021,45.090;6.0204233,45.432753;1
5.5021,45.090;5.5214,45.111;1
5.5021,45.090;5.4929,45.145;1
5.5021,45.090;5.5300,45.120;1
6.0158,45.251;6.0744406,45.393472;1
6.0158,45.251;5.9773523,45.433769;1
6.0158,45.251;5.8664744,45.269383;1
6.0158,45.251;5.7965125,45.237592;1
6.0158,45.251;5.8931619,45.117148;1
6.0158,45.251;5.9907289,45.462884;1
6.0158,45.251;6.0255,45.223;1
6.0158,45.251;5.8839432,45.284590;1
6.0158,45.251;5.9244034,45.27315;1
6.0158,45.251;5.9780213,45.342628;1
6.0158,45.251;5.9689556,45.288152;1
6.0158,45.251;5.9778214,45.402601;1
6.0158,45.251;6.09529,45.422;1
6.0158,45.251;5.8995138,45.225628;1
6.0158,45.251;5.96212,45.396;1
6.0158,45.251;5.94734,45.294;1
6.0158,45.251;5.9309164,45.324025;1
6.0158,45.251;5.93266,45.252;1
6.0158,45.251;5.9308898,45.278948;1
6.0158,45.251;5.9920438,45.369867;1
6.0158,45.251;6.0866978,45.323285;1
6.0158,45.251;6.08859,45.431;1
6.0158,45.251;5.9515976,45.359232;1
6.0158,45.251;5.8603962,45.215136;1
6.0158,45.251;5.96427,45.271;1
6.0158,45.251;5.9107644,45.306020;1
6.0158,45.251;5.4812,45.134;1
6.0158,45.251;5.8811206,45.310982;1
6.0158,45.251;6.0204233,45.432753;1
6.0158,45.251;5.5214,45.111;1
6.0158,45.251;5.4929,45.145;1
6.0158,45.251;5.5300,45.120;1
6.0158,45.251;5.5021,45.090;1
5.92682,45.226;6.0744406,45.393472;1
5.92682,45.226;5.9773523,45.433769;1
5.92682,45.226;5.8664744,45.269383;1
5.92682,45.226;5.7965125,45.237592;1
5.92682,45.226;5.8931619,45.117148;1
5.92682,45.226;5.9907289,45.462884;1
5.92682,45.226;6.0255,45.223;1
5.92682,45.226;5.8839432,45.284590;1
5.92682,45.226;5.9244034,45.27315;1
5.92682,45.226;5.9780213,45.342628;1
5.92682,45.226;5.9689556,45.288152;1
5.92682,45.226;5.9778214,45.402601;1
5.92682,45.226;6.09529,45.422;1
5.92682,45.226;5.8995138,45.225628;1
5.92682,45.226;5.96212,45.396;1
5.92682,45.226;5.94734,45.294;1
5.92682,45.226;5.9309164,45.324025;1
5.92682,45.226;5.93266,45.252;1
5.92682,45.226;5.9308898,45.278948;1
5.92682,45.226;5.9920438,45.369867;1
5.92682,45.226;6.0866978,45.323285;1
5.92682,45.226;6.08859,45.431;1
5.92682,45.226;5.9515976,45.359232;1
5.92682,45.226;5.8603962,45.215136;1
5.92682,45.226;5.96427,45.271;1
5.92682,45.226;5.9107644,45.306020;1
5.92682,45.226;5.4812,45.134;1
5.92682,45.226;5.8811206,45.310982;1
5.92682,45.226;6.0204233,45.432753;1
5.92682,45.226;5.5214,45.111;1
5.92682,45.226;5.4929,45.145;1
5.92682,45.226;5.5300,45.120;1
5.92682,45.226;5.5021,45.090;1
5.92682,45.226;6.0158,45.251;1
5.8490243,45.256600;6.0744406,45.393472;1
5.8490243,45.256600;5.9773523,45.433769;1
5.8490243,45.256600;5.8664744,45.269383;1
5.8490243,45.256600;5.7965125,45.237592;1
5.8490243,45.256600;5.8931619,45.117148;1
5.8490243,45.256600;5.9907289,45.462884;1
5.8490243,45.256600;6.0255,45.223;1
5.8490243,45.256600;5.8839432,45.284590;1
5.8490243,45.256600;5.9244034,45.27315;1
5.8490243,45.256600;5.9780213,45.342628;1
5.8490243,45.256600;5.9689556,45.288152;1
5.8490243,45.256600;5.9778214,45.402601;1
5.8490243,45.256600;6.09529,45.422;1
5.8490243,45.256600;5.8995138,45.225628;1
5.8490243,45.256600;5.96212,45.396;1
5.8490243,45.256600;5.94734,45.294;1
5.8490243,45.256600;5.9309164,45.324025;1
5.8490243,45.256600;5.93266,45.252;1
5.8490243,45.256600;5.9308898,45.278948;1
5.8490243,45.256600;5.9920438,45.369867;1
5.8490243,45.256600;6.0866978,45.323285;1
5.8490243,45.256600;6.08859,45.431;1
5.8490243,45.256600;5.9515976,45.359232;1
5.8490243,45.256600;5.8603962,45.215136;1
5.8490243,45.256600;5.96427,45.271;1
5.8490243,45.256600;5.9107644,45.306020;1
5.8490243,45.256600;5.4812,45.134;1
5.8490243,45.256600;5.8811206,45.310982;1
5.8490243,45.256600;6.0204233,45.432753;1
5.8490243,45.256600;5.5214,45.111;1
5.8490243,45.256600;5.4929,45.145;1
5.8490243,45.256600;5.5300,45.120;1
5.8490243,45.256600;5.5021,45.090;1
5.8490243,45.256600;6.0158,45.251;1
5.8490243,45.256600;5.92682,45.226;1
5.95104,45.37;6.0744406,45.393472;1
5.95104,45.37;5.9773523,45.433769;1
5.95104,45.37;5.8664744,45.269383;1
5.95104,45.37;5.7965125,45.237592;1
5.95104,45.37;5.8931619,45.117148;1
5.95104,45.37;5.9907289,45.462884;1
5.95104,45.37;6.0255,45.223;1
5.95104,45.37;5.8839432,45.284590;1
5.95104,45.37;5.9244034,45.27315;1
5.95104,45.37;5.9780213,45.342628;1
5.95104,45.37;5.9689556,45.288152;1
5.95104,45.37;5.9778214,45.402601;1
5.95104,45.37;6.09529,45.422;1
5.95104,45.37;5.8995138,45.225628;1
5.95104,45.37;5.96212,45.396;1
5.95104,45.37;5.94734,45.294;1
5.95104,45.37;5.9309164,45.324025;1
5.95104,45.37;5.93266,45.252;1
5.95104,45.37;5.9308898,45.278948;1
5.95104,45.37;5.9920438,45.369867;1
5.95104,45.37;6.0866978,45.323285;1
5.95104,45.37;6.08859,45.431;1
5.95104,45.37;5.9515976,45.359232;1
5.95104,45.37;5.8603962,45.215136;1
5.95104,45.37;5.96427,45.271;1
5.95104,45.37;5.9107644,45.306020;1
5.95104,45.37;5.4812,45.134;1
5.95104,45.37;5.8811206,45.310982;1
5.95104,45.37;6.0204233,45.432753;1
5.95104,45.37;5.5214,45.111;1
5.95104,45.37;5.4929,45.145;1
5.95104,45.37;5.5300,45.120;1
5.95104,45.37;5.5021,45.090;1
5.95104,45.37;6.0158,45.251;1
5.95104,45.37;5.92682,45.226;1
5.95104,45.37;5.8490243,45.256600;1
5.9246904,45.236429;6.0744406,45.393472;1
5.9246904,45.236429;5.9773523,45.433769;1
5.9246904,45.236429;5.8664744,45.269383;1
5.9246904,45.236429;5.7965125,45.237592;1
5.9246904,45.236429;5.8931619,45.117148;1
5.9246904,45.236429;5.9907289,45.462884;1
5.9246904,45.236429;6.0255,45.223;1
5.9246904,45.236429;5.8839432,45.284590;1
5.9246904,45.236429;5.9244034,45.27315;1
5.9246904,45.236429;5.9780213,45.342628;1
5.9246904,45.236429;5.9689556,45.288152;1
5.9246904,45.236429;5.9778214,45.402601;1
5.9246904,45.236429;6.09529,45.422;1
5.9246904,45.236429;5.8995138,45.225628;1
5.9246904,45.236429;5.96212,45.396;1
5.9246904,45.236429;5.94734,45.294;1
5.9246904,45.236429;5.9309164,45.324025;1
5.9246904,45.236429;5.93266,45.252;1
5.9246904,45.236429;5.9308898,45.278948;1
5.9246904,45.236429;5.9920438,45.369867;1
5.9246904,45.236429;6.0866978,45.323285;1
5.9246904,45.236429;6.08859,45.431;1
5.9246904,45.236429;5.9515976,45.359232;1
5.9246904,45.236429;5.8603962,45.215136;1
5.9246904,45.236429;5.96427,45.271;1
5.9246904,45.236429;5.9107644,45.306020;1
5.9246904,45.236429;5.4812,45.134;1
5.9246904,45.236429;5.8811206,45.310982;1
5.9246904,45.236429;6.0204233,45.432753;1
5.9246904,45.236429;5.5214,45.111;1
5.9246904,45.236429;5.4929,45.145;1
5.9246904,45.236429;5.5300,45.120;1
5.9246904,45.236429;5.5021,45.090;1
5.9246904,45.236429;6.0158,45.251;1
5.9246904,45.236429;5.92682,45.226;1
5.9246904,45.236429;5.8490243,45.256600;1
5.9246904,45.236429;5.95104,45.37;1
5.9668316,45.379644;6.0744406,45.393472;1
5.9668316,45.379644;5.9773523,45.433769;1
5.9668316,45.379644;5.8664744,45.269383;1
5.9668316,45.379644;5.7965125,45.237592;1
5.9668316,45.379644;5.8931619,45.117148;1
5.9668316,45.379644;5.9907289,45.462884;1
5.9668316,45.379644;6.0255,45.223;1
5.9668316,45.379644;5.8839432,45.284590;1
5.9668316,45.379644;5.9244034,45.27315;1
5.9668316,45.379644;5.9780213,45.342628;1
5.9668316,45.379644;5.9689556,45.288152;1
5.9668316,45.379644;5.9778214,45.402601;1
5.9668316,45.379644;6.09529,45.422;1
5.9668316,45.379644;5.8995138,45.225628;1
5.9668316,45.379644;5.96212,45.396;1
5.9668316,45.379644;5.94734,45.294;1
5.9668316,45.379644;5.9309164,45.324025;1
5.9668316,45.379644;5.93266,45.252;1
5.9668316,45.379644;5.9308898,45.278948;1
5.9668316,45.379644;5.9920438,45.369867;1
5.9668316,45.379644;6.0866978,45.323285;1
5.9668316,45.379644;6.08859,45.431;1
5.9668316,45.379644;5.9515976,45.359232;1
5.9668316,45.379644;5.8603962,45.215136;1
5.9668316,45.379644;5.96427,45.271;1
5.9668316,45.379644;5.9107644,45.306020;1
5.9668316,45.379644;5.4812,45.134;1
5.9668316,45.379644;5.8811206,45.310982;1
5.9668316,45.379644;6.0204233,45.432753;1
5.9668316,45.379644;5.5214,45.111;1
5.9668316,45.379644;5.4929,45.145;1
5.9668316,45.379644;5.5300,45.120;1
5.9668316,45.379644;5.5021,45.090;1
5.9668316,45.379644;6.0158,45.251;1
5.9668316,45.379644;5.92682,45.226;1
5.9668316,45.379644;5.8490243,45.256600;1
5.9668316,45.379644;5.95104,45.37;1
5.9668316,45.379644;5.9246904,45.236429;1
5.5647,45.242;6.0744406,45.393472;1
5.5647,45.242;5.9773523,45.433769;1
5.5647,45.242;5.8664744,45.269383;1
5.5647,45.242;5.7965125,45.237592;1
5.5647,45.242;5.8931619,45.117148;1
5.5647,45.242;5.9907289,45.462884;1
5.5647,45.242;6.0255,45.223;1
5.5647,45.242;5.8839432,45.284590;1
5.5647,45.242;5.9244034,45.27315;1
5.5647,45.242;5.9780213,45.342628;1
5.5647,45.242;5.9689556,45.288152;1
5.5647,45.242;5.9778214,45.402601;1
5.5647,45.242;6.09529,45.422;1
5.5647,45.242;5.8995138,45.225628;1
5.5647,45.242;5.96212,45.396;1
5.5647,45.242;5.94734,45.294;1
5.5647,45.242;5.9309164,45.324025;1
5.5647,45.242;5.93266,45.252;1
5.5647,45.242;5.9308898,45.278948;1
5.5647,45.242;5.9920438,45.369867;1
5.5647,45.242;6.0866978,45.323285;1
5.5647,45.242;6.08859,45.431;1
5.5647,45.242;5.9515976,45.359232;1
5.5647,45.242;5.8603962,45.215136;1
5.5647,45.242;5.96427,45.271;1
5.5647,45.242;5.9107644,45.306020;1
5.5647,45.242;5.4812,45.134;1
5.5647,45.242;5.8811206,45.310982;1
5.5647,45.242;6.0204233,45.432753;1
5.5647,45.242;5.5214,45.111;1
5.5647,45.242;5.4929,45.145;1
5.5647,45.242;5.5300,45.120;1
5.5647,45.242;5.5021,45.090;1
5.5647,45.242;6.0158,45.251;1
5.5647,45.242;5.92682,45.226;1
5.5647,45.242;5.8490243,45.256600;1
5.5647,45.242;5.95104,45.37;1
5.5647,45.242;5.9246904,45.236429;1
5.5647,45.242;5.9668316,45.379644;1
5.9577176,45.308254;6.0744406,45.393472;1
5.9577176,45.308254;5.9773523,45.433769;1
5.9577176,45.308254;5.8664744,45.269383;1
5.9577176,45.308254;5.7965125,45.237592;1
5.9577176,45.308254;5.8931619,45.117148;1
5.9577176,45.308254;5.9907289,45.462884;1
5.9577176,45.308254;6.0255,45.223;1
5.9577176,45.308254;5.8839432,45.284590;1
5.9577176,45.308254;5.9244034,45.27315;1
5.9577176,45.308254;5.9780213,45.342628;1
5.9577176,45.308254;5.9689556,45.288152;1
5.9577176,45.308254;5.9778214,45.402601;1
5.9577176,45.308254;6.09529,45.422;1
5.9577176,45.308254;5.8995138,45.225628;1
5.9577176,45.308254;5.96212,45.396;1
5.9577176,45.308254;5.94734,45.294;1
5.9577176,45.308254;5.9309164,45.324025;1
5.9577176,45.308254;5.93266,45.252;1
5.9577176,45.308254;5.9308898,45.278948;1
5.9577176,45.308254;5.9920438,45.369867;1
5.9577176,45.308254;6.0866978,45.323285;1
5.9577176,45.308254;6.08859,45.431;1
5.9577176,45.308254;5.9515976,45.359232;1
5.9577176,45.308254;5.8603962,45.215136;1
5.9577176,45.308254;5.96427,45.271;1
5.9577176,45.308254;5.9107644,45.306020;1
5.9577176,45.308254;5.4812,45.134;1
5.9577176,45.308254;5.8811206,45.310982;1
5.9577176,45.308254;6.0204233,45.432753;1
5.9577176,45.308254;5.5214,45.111;1
5.9577176,45.308254;5.4929,45.145;1
5.9577176,45.308254;5.5300,45.120;1
5.9577176,45.308254;5.5021,45.090;1
5.9577176,45.308254;6.0158,45.251;1
5.9577176,45.308254;5.92682,45.226;1
5.9577176,45.308254;5.8490243,45.256600;1
5.9577176,45.308254;5.95104,45.37;1
5.9577176,45.308254;5.9246904,45.236429;1
5.9577176,45.308254;5.9668316,45.379644;1
5.9577176,45.308254;5.5647,45.242;1
5.9957494,45.3015475;6.0744406,45.393472;1
5.9957494,45.3015475;5.9773523,45.433769;1
5.9957494,45.3015475;5.8664744,45.269383;1
5.9957494,45.3015475;5.7965125,45.237592;1
5.9957494,45.3015475;5.8931619,45.117148;1
5.9957494,45.3015475;5.9907289,45.462884;1
5.9957494,45.3015475;6.0255,45.223;1
5.9957494,45.3015475;5.8839432,45.284590;1
5.9957494,45.3015475;5.9244034,45.27315;1
5.9957494,45.3015475;5.9780213,45.342628;1
5.9957494,45.3015475;5.9689556,45.288152;1
5.9957494,45.3015475;5.9778214,45.402601;1
5.9957494,45.3015475;6.09529,45.422;1
5.9957494,45.3015475;5.8995138,45.225628;1
5.9957494,45.3015475;5.96212,45.396;1
5.9957494,45.3015475;5.94734,45.294;1
5.9957494,45.3015475;5.9309164,45.324025;1
5.9957494,45.3015475;5.93266,45.252;1
5.9957494,45.3015475;5.9308898,45.278948;1
5.9957494,45.3015475;5.9920438,45.369867;1
5.9957494,45.3015475;6.0866978,45.323285;1
5.9957494,45.3015475;6.08859,45.431;1
5.9957494,45.3015475;5.9515976,45.359232;1
5.9957494,45.3015475;5.8603962,45.215136;1
5.9957494,45.3015475;5.96427,45.271;1
5.9957494,45.3015475;5.9107644,45.306020;1
5.9957494,45.3015475;5.4812,45.134;1
5.9957494,45.3015475;5.8811206,45.310982;1
5.9957494,45.3015475;6.0204233,45.432753;1
5.9957494,45.3015475;5.5214,45.111;1
5.9957494,45.3015475;5.4929,45.145;1
5.9957494,45.3015475;5.5300,45.120;1
5.9957494,45.3015475;5.5021,45.090;1
5.9957494,45.3015475;6.0158,45.251;1
5.9957494,45.3015475;5.92682,45.226;1
5.9957494,45.3015475;5.8490243,45.256600;1
5.9957494,45.3015475;5.95104,45.37;1
5.9957494,45.3015475;5.9246904,45.236429;1
5.9957494,45.3015475;5.9668316,45.379644;1
5.9957494,45.3015475;5.5647,45.242;1
5.9957494,45.3015475;5.9577176,45.308254;0
